144
146
147
150
146
145
145
144
145
147
140
145
146
146
152
0
0
143
145
144
114
146
138
115
144
148
147
0
153
0
141
144
146
144
116
143
117
141
145
150
0
0
144
139
145
145
149
144
147
145
117
142
146
143
141
139
149
0
148
145
141
145
145
142
144
145
145
144
145
0
147
142
144
143
114
144
146
146
145
144
146
145
148
142
148
0
140
143
143
145
145
144
114
144
149
145
144
0
153
142
142
141
143
142
145
146
116
144
141
143
140
142
152
114
115
142
146
147
138
143
147
145
114
143
142
114
146
143
143
144
140
115
117
145
145
144
143
141
115
143
149
143
141
145
144
141
117
142
146
145
143
142
143
143
144
117
146
148
145
142
144
146
145
142
146
144
141
117
145
