126
120
125
119
117
122
119
124
104
162
121
121
121
120
119
0
0
119
122
124
118
99
160
121
122
114
125
0
128
0
116
122
119
117
104
158
123
121
119
119
0
0
125
117
124
119
122
108
152
119
121
119
117
119
116
117
125
0
120
122
102
155
118
121
117
122
122
122
124
0
130
120
121
100
160
122
118
119
119
124
119
119
120
120
120
0
100
162
122
120
119
124
118
117
122
122
121
0
129
99
162
122
115
119
104
99
104
108
102
100
100
99
108
102
101
100
102
162
160
158
152
155
160
162
162
102
164
162
159
158
121
121
123
119
118
122
122
122
101
162
125
119
120
121
122
121
121
121
118
120
115
100
159
119
121
120
121
114
119
119
117
119
119
119
102
158
120
120
121
