179
172
168
171
170
170
178
167
154
208
172
174
174
172
164
0
0
168
179
177
168
158
211
177
162
177
168
0
172
0
173
171
172
181
153
215
164
175
176
171
0
0
173
171
166
162
167
148
205
169
169
169
170
168
173
171
179
0
162
166
147
207
165
168
165
170
179
171
166
0
170
167
164
149
206
170
166
164
178
177
172
162
162
167
174
0
146
210
172
169
166
167
168
181
167
166
164
0
176
147
207
167
164
165
154
158
153
148
147
149
146
147
152
149
144
147
149
208
211
215
205
207
206
210
207
149
220
213
204
201
172
177
164
169
165
170
172
167
144
213
178
168
167
174
162
175
169
168
166
169
164
147
204
168
295
169
174
177
176
169
165
164
166
165
149
201
167
169
172